structure(list(x = c(0.0420814453239599, 1.04589372757387, 1.52857793137915, 
1.05443681082706, 0.0591676118303415, -1.08560554409722, -1.44868658235782, 
-1.02153241969829), y = c(1.28281660258841, 0.927424339255674, 
-0.0434033069215519, -0.975224485172015, -1.2786081246024, -0.892877497326625, 
-0.034735202937827, 0.983767015149888)), .Names = c("x", "y"))
